cnodei=[0,0;
1,0;
2,0;
3,0;
-1,1;
0.5,1.5;
1,1.5;
2,1.4;
3.5,1.5;
-2,2;
0.2,2;
0.5,3;
0.6,2.9;
2.5,2.95;
4,3.1;
-1.8,2.5;
-2.5,3.5;
-2,4;
-1,2.5;
-1.2,4.5;
0.4,5;
1.7,4.8;
2.7,4.4];
lnodei=[1,2,6,5;
2,3,8,7;
3,4,9,8;
2,7,12,6;
5,6,12,11;
7,8,13,12;
8,9,14,13;
5,11,16,10;
11,12,19,16;
10,16,18,17;
16,19,20,18;
19,12,21,20;
12,13,22,21;
13,14,23,22;
14,9,15,23];
bnode=[1,2,3,4,9,15,23,22,21,20,18,17,10,5];